-4.0 4310 2.87 -1.16 -1.22 -509
-3.8 4325 3.03 -1.02 -1.23 -476
-3.6 4345 3.17 -0.89 -1.24 -448
-3.4 4370 3.29 -0.78 -1.25 -422
-3.2 4405 3.41 -0.66 -1.26 -397
-3.0 4445 3.52 -0.55 -1.28 -373
-2.8 4488 3.64 -0.44 -1.30 -349
-2.6 4524 3.75 -0.33 -1.32 -325
-2.4 4561 3.86 -0.23 -1.33 -301
-2.2 4608 3.97 -0.12 -1.35 -277
-2.0 4660 4.08 -0.01 -1.37 -252
-1.8 4720 4.19 0.10 -1.40 -228
-1.6 4800 4.30 0.22 -1.43 -203
-1.4 4878 4.41 0.34 -1.46 -177
-1.2 4995 4.52 0.47 -1.50 -151
-1.0 5132 4.63 0.61 -1.55 -124
-0.8 5294 4.74 0.76 -1.60 -97
-0.6 5490 4.85 0.93 -1.66 -70
-0.4 5733 4.95 1.15 -1.73 -43
-0.2 6043 5.03 1.43 -1.81 -19
0.0 6429 5.10 1.78 -1.91 0
0.2 6904 5.15 2.18 -2.01 15
0.4 7467 5.18 2.59 -2.11 27
0.6 7962 5.21 2.92 -2.18 37
0.8 8358 5.23 3.16 -2.23 46
1.0 8630 5.26 3.32 -2.25 56
1.2 8811 5.29 3.42 -2.27 68
